150 16.1438
150.5 16.1352
151 16.2353
151.5 16.4851
152 16.397
152.5 16.5415
153 16.5592
153.5 16.6754
154 16.4233
154.5 16.607
155 16.9156
155.5 16.7795
156 17.0344
156.5 16.8175
157 16.6506
157.5 16.9726
158 16.8625
158.5 16.8799
159 16.9939
159.5 16.9126
160 16.9177
160.5 16.5039
161 16.7476
161.5 16.8656
162 16.4065
162.5 16.3686
163 16.2566
163.5 15.9666
164 15.6679
164.5 15.4563
165 15.4205
165.5 15.2383
166 15.3814
166.5 15.0745
167 15.2463
167.5 15.1919
168 15.4451
168.5 15.4953
169 15.6558
169.5 15.6844
170 15.8277
170.5 15.8897
171 16.1106
171.5 16.3749
172 16.3232
172.5 16.6537
173 16.7836
173.5 16.6981
174 16.4233
174.5 16.396
175 16.2608
175.5 16.318
176 16.4359
176.5 16.0366
177 15.7404
177.5 15.3454
178 15.1099
178.5 15.5586
179 15.6227
179.5 16.0806
180 16.1213
180.5 15.6238
181 15.626
181.5 16.0849
182 16.4233
182.5 16.4861
183 16.4012
183.5 15.9601
184 15.5896
184.5 15.5851
185 15.4685
185.5 15.3398
186 14.5933
186.5 14.5567
187 14.0258
187.5 13.3597
188 13.2717
188.5 12.6396
189 12.4374
189.5 11.5101
190 10.5324
190.5 9.53216
191 9.20457
191.5 9.21767
192 9.2158
192.5 9.04967
193 8.76907
193.5 8.52178
194 9.24755
194.5 9.7874
195 10.137
195.5 9.768
196 10.1183
196.5 10.9623
197 11.4199
197.5 12.9907
198 12.9814
198.5 13.9729
199 13.3971
199.5 14.1116
200 14.8811
200.5 15.3791
201 15.3668
201.5 16.5248
202 18.0993
202.5 18.0688
203 18.92
203.5 19.3025
204 19.6232
204.5 20.4324
205 20.8955
205.5 21.0729
206 21.5254
206.5 22.44
207 23.5387
207.5 23.6548
208 24.406
208.5 25.4077
209 26.0682
209.5 25.7454
210 25.4613
210.5 26.4679
211 26.5557
211.5 27.7923
212 29.4214
212.5 31.0861
213 32.1489
213.5 34.5827
214 36.7081
214.5 39.8311
215 42.6332
215.5 46.0326
216 50.1642
216.5 53.9399
217 58.6242
217.5 63.8022
218 68.5168
218.5 73.3555
219 78.6776
219.5 83.4799
220 88.6664
220.5 93.5573
221 99.1074
221.5 104.718
222 109.611
222.5 115.136
223 121.311
223.5 126.774
224 132.648
224.5 138.532
225 144.623
225.5 150.57
226 156.68
226.5 163.411
227 169.769
227.5 176.495
228 183.665
228.5 190.641
229 197.804
229.5 205.166
230 212.885
230.5 220.67
231 228.39
231.5 236.512
232 244.946
232.5 253.444
233 262.199
233.5 270.973
234 279.817
234.5 288.947
235 298.149
235.5 307.438
236 316.996
236.5 326.381
237 335.899
237.5 345.153
238 354.648
238.5 363.943
239 373.326
239.5 382.52
240 391.749
240.5 401.084
241 410.509
241.5 419.827
242 429.112
242.5 438.328
243 447.363
243.5 456.139
244 464.863
244.5 473.648
245 482.371
245.5 490.926
246 499.479
246.5 508.325
247 517.084
247.5 525.846
248 534.69
248.5 543.017
249 551.569
249.5 560.192
250 568.792
250.5 577.244
251 585.935
251.5 594.525
252 603.138
252.5 611.885
253 620.613
253.5 629.413
254 637.841
254.5 646.07
255 654.182
255.5 662.046
256 669.887
256.5 677.759
257 685.846
257.5 693.9
258 701.672
258.5 709.271
259 716.67
259.5 723.91
260 731.066
